version file
Orerefinery.version
